[gd_scene load_steps=5 format=3 uid="uid://du1d7h4ppjh64"]

[ext_resource type="PackedScene" uid="uid://txrke622awpf" path="res://assets/models/valla-madera/source/VallaMadera.glb" id="1_2eqwr"]

[sub_resource type="BoxShape3D" id="BoxShape3D_5vlg7"]

[sub_resource type="CylinderMesh" id="CylinderMesh_mhati"]
top_radius = 12.0
bottom_radius = 12.5

[sub_resource type="BoxShape3D" id="BoxShape3D_rkp36"]
size = Vector3(4.582062, 1.625, 1)

[node name="MainIsland" type="Node3D"]

[node name="Camera3D" type="Camera3D" parent="."]

[node name="DirectionalLight3D" type="DirectionalLight3D" parent="."]

[node name="IslandDecore" type="Node3D" parent="."]

[node name="Suelo" type="RigidBody3D" parent="IslandDecore"]

[node name="CollisionShape3D" type="CollisionShape3D" parent="IslandDecore/Suelo"]
shape = SubResource("BoxShape3D_5vlg7")

[node name="MeshInstance3D" type="MeshInstance3D" parent="IslandDecore/Suelo/CollisionShape3D"]
transform = Transform3D(1, 0, 0, 0, 0.5, 0, 0, 0, 1, 0, 0, 0)
mesh = SubResource("CylinderMesh_mhati")

[node name="Vallas" type="Node3D" parent="IslandDecore"]

[node name="Valla" type="RigidBody3D" parent="IslandDecore/Vallas"]
transform = Transform3D(1, 0, 0, 0, 1, 0, 0, 0, 1, -2.178358, 0, -11.605637)

[node name="CollisionShape3D" type="CollisionShape3D" parent="IslandDecore/Vallas/Valla"]
transform = Transform3D(1, 0, 0, 0, 1, 0, 0, 0, 1, 2.0576935, 0.85253906, 0)
shape = SubResource("BoxShape3D_rkp36")

[node name="VallaMadera" parent="IslandDecore/Vallas/Valla/CollisionShape3D" instance=ExtResource("1_2eqwr")]
transform = Transform3D(0.3, 0, 0, 0, 1, 0, 0, 0, 0.9, -2.0576935, -0.85253906, 0)

[node name="Valla2" type="RigidBody3D" parent="IslandDecore/Vallas"]
transform = Transform3D(0.87979794, 0, 0.47534785, 0, 1, 0, -0.47534785, 0, 0.87979794, -6.369744, 0, -9.627396)

[node name="CollisionShape3D" type="CollisionShape3D" parent="IslandDecore/Vallas/Valla2"]
transform = Transform3D(1, 0, 0, 0, 1, 0, 0, 0, 1, 2.0576935, 0.85253906, 0)
shape = SubResource("BoxShape3D_rkp36")

[node name="VallaMadera" parent="IslandDecore/Vallas/Valla2/CollisionShape3D" instance=ExtResource("1_2eqwr")]
transform = Transform3D(0.3, 0, 0, 0, 1, 0, 0, 0, 0.9, -2.0576935, -0.85253906, 0)

[node name="Valla3" type="RigidBody3D" parent="IslandDecore/Vallas"]
transform = Transform3D(0.67965895, 0, 0.73352826, 0, 1, 0, -0.73352826, 0, 0.67965895, -9.49624, 0, -6.6172085)

[node name="CollisionShape3D" type="CollisionShape3D" parent="IslandDecore/Vallas/Valla3"]
transform = Transform3D(1, 0, 0, 0, 1, 0, 0, 0, 1, 2.0576935, 0.85253906, 0)
shape = SubResource("BoxShape3D_rkp36")

[node name="VallaMadera" parent="IslandDecore/Vallas/Valla3/CollisionShape3D" instance=ExtResource("1_2eqwr")]
transform = Transform3D(0.3, 0, 0, 0, 1, 0, 0, 0, 0.9, -2.0576935, -0.85253906, 0)

[node name="Valla4" type="RigidBody3D" parent="IslandDecore/Vallas"]
transform = Transform3D(0.2492815, 0, 0.9684311, 0, 1, 0, -0.9684311, 0, 0.2492815, -10.893857, 0, -2.1981795)

[node name="CollisionShape3D" type="CollisionShape3D" parent="IslandDecore/Vallas/Valla4"]
transform = Transform3D(1, 0, 0, 0, 1, 0, 0, 0, 1, 2.0576935, 0.85253906, 0)
shape = SubResource("BoxShape3D_rkp36")

[node name="VallaMadera" parent="IslandDecore/Vallas/Valla4/CollisionShape3D" instance=ExtResource("1_2eqwr")]
transform = Transform3D(0.3, 0, 0, 0, 1, 0, 0, 0, 0.9, -2.0576935, -0.85253906, 0)

[node name="Valla5" type="RigidBody3D" parent="IslandDecore/Vallas"]
transform = Transform3D(-0.06798051, 0, -0.9976866, 0, 1, 0, 0.9976866, 0, -0.06798051, 11.059833, 1.9073486e-06, -2.0472908)

[node name="CollisionShape3D" type="CollisionShape3D" parent="IslandDecore/Vallas/Valla5"]
transform = Transform3D(1, 0, 0, 0, 1, 0, 0, 0, 1, 2.0576935, 0.85253906, 0)
shape = SubResource("BoxShape3D_rkp36")

[node name="VallaMadera" parent="IslandDecore/Vallas/Valla5/CollisionShape3D" instance=ExtResource("1_2eqwr")]
transform = Transform3D(0.3, 0, 0, 0, 1, 0, 0, 0, 0.9, -2.0576935, -0.85253906, 0)

[node name="Valla6" type="RigidBody3D" parent="IslandDecore/Vallas"]
transform = Transform3D(0.41443914, 0, -0.9100771, 0, 1, 0, 0.9100771, 0, 0.41443914, 9.3711, 1.9073486e-06, -6.3634624)

[node name="CollisionShape3D" type="CollisionShape3D" parent="IslandDecore/Vallas/Valla6"]
transform = Transform3D(1, 0, 0, 0, 1, 0, 0, 0, 1, 2.0576935, 0.85253906, 0)
shape = SubResource("BoxShape3D_rkp36")

[node name="VallaMadera" parent="IslandDecore/Vallas/Valla6/CollisionShape3D" instance=ExtResource("1_2eqwr")]
transform = Transform3D(0.3, 0, 0, 0, 1, 0, 0, 0, 0.9, -2.0576935, -0.85253906, 0)

[node name="Valla7" type="RigidBody3D" parent="IslandDecore/Vallas"]
transform = Transform3D(0.68562776, 0, -0.7279523, 0, 1, 0, 0.7279523, 0, 0.68562776, 6.5804176, 1.9073486e-06, -9.687359)

[node name="CollisionShape3D" type="CollisionShape3D" parent="IslandDecore/Vallas/Valla7"]
transform = Transform3D(1, 0, 0, 0, 1, 0, 0, 0, 1, 2.0576935, 0.85253906, 0)
shape = SubResource("BoxShape3D_rkp36")

[node name="VallaMadera" parent="IslandDecore/Vallas/Valla7/CollisionShape3D" instance=ExtResource("1_2eqwr")]
transform = Transform3D(0.3, 0, 0, 0, 1, 0, 0, 0, 0.9, -2.0576935, -0.85253906, 0)

[node name="Valla8" type="RigidBody3D" parent="IslandDecore/Vallas"]
transform = Transform3D(0.94924444, 0, -0.31453925, 0, 1, 0, 0.31453925, 0, 0.94924444, 2.2666225, 1.9073486e-06, -11.382151)

[node name="CollisionShape3D" type="CollisionShape3D" parent="IslandDecore/Vallas/Valla8"]
transform = Transform3D(1, 0, 0, 0, 1, 0, 0, 0, 1, 2.0576935, 0.85253906, 0)
shape = SubResource("BoxShape3D_rkp36")

[node name="VallaMadera" parent="IslandDecore/Vallas/Valla8/CollisionShape3D" instance=ExtResource("1_2eqwr")]
transform = Transform3D(0.3, 0, 0, 0, 1, 0, 0, 0, 0.9, -2.0576935, -0.85253906, 0)

[node name="Valla9" type="RigidBody3D" parent="IslandDecore/Vallas"]
transform = Transform3D(-1, 0, -8.742278e-08, 0, 1, 0, 8.742278e-08, 0, -1, 2.0419464, 0, 11.750537)

[node name="CollisionShape3D" type="CollisionShape3D" parent="IslandDecore/Vallas/Valla9"]
transform = Transform3D(1, 0, 0, 0, 1, 0, 0, 0, 1, 2.0576935, 0.85253906, 0)
shape = SubResource("BoxShape3D_rkp36")

[node name="VallaMadera" parent="IslandDecore/Vallas/Valla9/CollisionShape3D" instance=ExtResource("1_2eqwr")]
transform = Transform3D(0.3, 0, 0, 0, 1, 0, 0, 0, 0.9, -2.0576935, -0.85253906, 0)

[node name="Valla10" type="RigidBody3D" parent="IslandDecore/Vallas"]
transform = Transform3D(-0.8797979, 0, -0.47534794, 0, 1, 0, 0.47534794, 0, -0.8797979, 6.2333317, 0, 9.772295)

[node name="CollisionShape3D" type="CollisionShape3D" parent="IslandDecore/Vallas/Valla10"]
transform = Transform3D(1, 0, 0, 0, 1, 0, 0, 0, 1, 2.0576935, 0.85253906, 0)
shape = SubResource("BoxShape3D_rkp36")

[node name="VallaMadera" parent="IslandDecore/Vallas/Valla10/CollisionShape3D" instance=ExtResource("1_2eqwr")]
transform = Transform3D(0.3, 0, 0, 0, 1, 0, 0, 0, 0.9, -2.0576935, -0.85253906, 0)

[node name="Valla11" type="RigidBody3D" parent="IslandDecore/Vallas"]
transform = Transform3D(-0.6796589, 0, -0.7335283, 0, 1, 0, 0.7335283, 0, -0.6796589, 9.359827, 0, 6.762108)

[node name="CollisionShape3D" type="CollisionShape3D" parent="IslandDecore/Vallas/Valla11"]
transform = Transform3D(1, 0, 0, 0, 1, 0, 0, 0, 1, 2.0576935, 0.85253906, 0)
shape = SubResource("BoxShape3D_rkp36")

[node name="VallaMadera" parent="IslandDecore/Vallas/Valla11/CollisionShape3D" instance=ExtResource("1_2eqwr")]
transform = Transform3D(0.3, 0, 0, 0, 1, 0, 0, 0, 0.9, -2.0576935, -0.85253906, 0)

[node name="Valla12" type="RigidBody3D" parent="IslandDecore/Vallas"]
transform = Transform3D(-0.24928139, 0, -0.96843106, 0, 1, 0, 0.96843106, 0, -0.24928139, 10.757444, 0, 2.3430786)

[node name="CollisionShape3D" type="CollisionShape3D" parent="IslandDecore/Vallas/Valla12"]
transform = Transform3D(1, 0, 0, 0, 1, 0, 0, 0, 1, 2.0576935, 0.85253906, 0)
shape = SubResource("BoxShape3D_rkp36")

[node name="VallaMadera" parent="IslandDecore/Vallas/Valla12/CollisionShape3D" instance=ExtResource("1_2eqwr")]
transform = Transform3D(0.3, 0, 0, 0, 1, 0, 0, 0, 0.9, -2.0576935, -0.85253906, 0)

[node name="Valla13" type="RigidBody3D" parent="IslandDecore/Vallas"]
transform = Transform3D(0.06798043, 0, 0.99768674, 0, 1, 0, -0.99768674, 0, 0.06798043, -11.196245, 1.9073486e-06, 2.192192)

[node name="CollisionShape3D" type="CollisionShape3D" parent="IslandDecore/Vallas/Valla13"]
transform = Transform3D(1, 0, 0, 0, 1, 0, 0, 0, 1, 2.0576935, 0.85253906, 0)
shape = SubResource("BoxShape3D_rkp36")

[node name="VallaMadera" parent="IslandDecore/Vallas/Valla13/CollisionShape3D" instance=ExtResource("1_2eqwr")]
transform = Transform3D(0.3, 0, 0, 0, 1, 0, 0, 0, 0.9, -2.0576935, -0.85253906, 0)

[node name="Valla14" type="RigidBody3D" parent="IslandDecore/Vallas"]
transform = Transform3D(-0.41443923, 0, 0.91007704, 0, 1, 0, -0.91007704, 0, -0.41443923, -9.507513, 1.9073486e-06, 6.5083637)

[node name="CollisionShape3D" type="CollisionShape3D" parent="IslandDecore/Vallas/Valla14"]
transform = Transform3D(1, 0, 0, 0, 1, 0, 0, 0, 1, 2.0576935, 0.85253906, 0)
shape = SubResource("BoxShape3D_rkp36")

[node name="VallaMadera" parent="IslandDecore/Vallas/Valla14/CollisionShape3D" instance=ExtResource("1_2eqwr")]
transform = Transform3D(0.3, 0, 0, 0, 1, 0, 0, 0, 0.9, -2.0576935, -0.85253906, 0)

[node name="Valla15" type="RigidBody3D" parent="IslandDecore/Vallas"]
transform = Transform3D(-0.6856278, 0, 0.72795224, 0, 1, 0, -0.72795224, 0, -0.6856278, -6.71683, 1.9073486e-06, 9.83226)

[node name="CollisionShape3D" type="CollisionShape3D" parent="IslandDecore/Vallas/Valla15"]
transform = Transform3D(1, 0, 0, 0, 1, 0, 0, 0, 1, 2.0576935, 0.85253906, 0)
shape = SubResource("BoxShape3D_rkp36")

[node name="VallaMadera" parent="IslandDecore/Vallas/Valla15/CollisionShape3D" instance=ExtResource("1_2eqwr")]
transform = Transform3D(0.3, 0, 0, 0, 1, 0, 0, 0, 0.9, -2.0576935, -0.85253906, 0)

[node name="Valla16" type="RigidBody3D" parent="IslandDecore/Vallas"]
transform = Transform3D(-0.94924444, 0, 0.3145392, 0, 1, 0, -0.3145392, 0, -0.94924444, -2.4030342, 1.9073486e-06, 11.527051)

[node name="CollisionShape3D" type="CollisionShape3D" parent="IslandDecore/Vallas/Valla16"]
transform = Transform3D(1, 0, 0, 0, 1, 0, 0, 0, 1, 2.0576935, 0.85253906, 0)
shape = SubResource("BoxShape3D_rkp36")

[node name="VallaMadera" parent="IslandDecore/Vallas/Valla16/CollisionShape3D" instance=ExtResource("1_2eqwr")]
transform = Transform3D(0.3, 0, 0, 0, 1, 0, 0, 0, 0.9, -2.0576935, -0.85253906, 0)
