[gd_scene load_steps=16 format=3 uid="uid://du1d7h4ppjh64"]

[ext_resource type="PackedScene" uid="uid://txrke622awpf" path="res://assets/models/valla-madera/source/VallaMadera.glb" id="1_2eqwr"]
[ext_resource type="Shader" uid="uid://cwsloa2jmdyhc" path="res://assets/materials/Island.gdshader" id="1_5vlg7"]
[ext_resource type="Script" uid="uid://dptvwp02jnho" path="res://assets/scenes/main/GameManager.cs" id="3_mhati"]
[ext_resource type="Script" uid="uid://j6fu2w8uufdy" path="res://assets/scenes/main/SceneTrigger.cs" id="4_rkp36"]

[sub_resource type="BoxShape3D" id="BoxShape3D_5vlg7"]
size = Vector3(4.220398, 3.4197998, 4.1141357)

[sub_resource type="ShaderMaterial" id="ShaderMaterial_mhati"]
render_priority = 0
shader = ExtResource("1_5vlg7")
shader_parameter/grass_color = Color(0.2, 0.7, 0.3, 1)
shader_parameter/dirt_color = Color(0.45, 0.3, 0.15, 1)
shader_parameter/blend_strength = 2.0

[sub_resource type="CylinderMesh" id="CylinderMesh_mhati"]
material = SubResource("ShaderMaterial_mhati")
top_radius = 12.0
bottom_radius = 12.5

[sub_resource type="BoxShape3D" id="BoxShape3D_rkp36"]
size = Vector3(4.582062, 1.625, 1)

[sub_resource type="CylinderMesh" id="CylinderMesh_5vlg7"]
top_radius = 2.0
bottom_radius = 2.0
height = 1.0

[sub_resource type="CylinderMesh" id="CylinderMesh_rkp36"]
top_radius = 0.25
bottom_radius = 0.25
height = 5.289

[sub_resource type="CylinderMesh" id="CylinderMesh_hnskd"]
top_radius = 1.0
bottom_radius = 1.0
height = 0.5

[sub_resource type="BoxShape3D" id="BoxShape3D_hnskd"]

[sub_resource type="StandardMaterial3D" id="StandardMaterial3D_0h8ec"]
albedo_color = Color(0, 0.39866674, 0.92, 1)

[sub_resource type="QuadMesh" id="QuadMesh_ytoiv"]
material = SubResource("StandardMaterial3D_0h8ec")

[sub_resource type="Environment" id="Environment_rkp36"]
background_mode = 1
background_color = Color(0, 0.18633336, 0.43, 1)
ambient_light_color = Color(1, 1, 1, 1)

[node name="MainIsland" type="Node3D"]

[node name="Camera3D" type="Camera3D" parent="."]
transform = Transform3D(1, 0, 0, 0, 0.98562986, 0.16891946, 0, -0.16891946, 0.98562986, 0, 4.12247, 0)

[node name="DirectionalLight3D" type="DirectionalLight3D" parent="."]
transform = Transform3D(1, 0, 0, 0, -4.371139e-08, 1, 0, -1, -4.371139e-08, 0, 27.50235, 0)

[node name="IslandDecore" type="Node3D" parent="."]

[node name="Suelo" type="RigidBody3D" parent="IslandDecore"]

[node name="CollisionShape3D" type="CollisionShape3D" parent="IslandDecore/Suelo"]
shape = SubResource("BoxShape3D_5vlg7")

[node name="MeshInstance3D" type="MeshInstance3D" parent="IslandDecore/Suelo/CollisionShape3D"]
transform = Transform3D(1, 0, 0, 0, 0.5, 0, 0, 0, 1, 0, 0, 0)
mesh = SubResource("CylinderMesh_mhati")

[node name="Vallas" type="Node3D" parent="IslandDecore"]

[node name="Valla" type="RigidBody3D" parent="IslandDecore/Vallas"]
transform = Transform3D(1, 0, 0, 0, 1, 0, 0, 0, 1, -2.178358, 0, -11.605637)

[node name="CollisionShape3D" type="CollisionShape3D" parent="IslandDecore/Vallas/Valla"]
transform = Transform3D(1, 0, 0, 0, 1, 0, 0, 0, 1, 2.0576935, 0.85253906, 0)
shape = SubResource("BoxShape3D_rkp36")

[node name="VallaMadera" parent="IslandDecore/Vallas/Valla/CollisionShape3D" instance=ExtResource("1_2eqwr")]
transform = Transform3D(0.3, 0, 0, 0, 1, 0, 0, 0, 0.9, -2.0576935, -0.85253906, 0)

[node name="Valla2" type="RigidBody3D" parent="IslandDecore/Vallas"]
transform = Transform3D(0.87979794, 0, 0.47534785, 0, 1, 0, -0.47534785, 0, 0.87979794, -6.369744, 0, -9.627396)

[node name="CollisionShape3D" type="CollisionShape3D" parent="IslandDecore/Vallas/Valla2"]
transform = Transform3D(1, 0, 0, 0, 1, 0, 0, 0, 1, 2.0576935, 0.85253906, 0)
shape = SubResource("BoxShape3D_rkp36")

[node name="VallaMadera" parent="IslandDecore/Vallas/Valla2/CollisionShape3D" instance=ExtResource("1_2eqwr")]
transform = Transform3D(0.3, 0, 0, 0, 1, 0, 0, 0, 0.9, -2.0576935, -0.85253906, 0)

[node name="Valla3" type="RigidBody3D" parent="IslandDecore/Vallas"]
transform = Transform3D(0.67965895, 0, 0.73352826, 0, 1, 0, -0.73352826, 0, 0.67965895, -9.49624, 0, -6.6172085)

[node name="CollisionShape3D" type="CollisionShape3D" parent="IslandDecore/Vallas/Valla3"]
transform = Transform3D(1, 0, 0, 0, 1, 0, 0, 0, 1, 2.0576935, 0.85253906, 0)
shape = SubResource("BoxShape3D_rkp36")

[node name="VallaMadera" parent="IslandDecore/Vallas/Valla3/CollisionShape3D" instance=ExtResource("1_2eqwr")]
transform = Transform3D(0.3, 0, 0, 0, 1, 0, 0, 0, 0.9, -2.0576935, -0.85253906, 0)

[node name="Valla4" type="RigidBody3D" parent="IslandDecore/Vallas"]
transform = Transform3D(0.2492815, 0, 0.9684311, 0, 1, 0, -0.9684311, 0, 0.2492815, -10.893857, 0, -2.1981795)

[node name="CollisionShape3D" type="CollisionShape3D" parent="IslandDecore/Vallas/Valla4"]
transform = Transform3D(1, 0, 0, 0, 1, 0, 0, 0, 1, 2.0576935, 0.85253906, 0)
shape = SubResource("BoxShape3D_rkp36")

[node name="VallaMadera" parent="IslandDecore/Vallas/Valla4/CollisionShape3D" instance=ExtResource("1_2eqwr")]
transform = Transform3D(0.3, 0, 0, 0, 1, 0, 0, 0, 0.9, -2.0576935, -0.85253906, 0)

[node name="Valla5" type="RigidBody3D" parent="IslandDecore/Vallas"]
transform = Transform3D(-0.06798051, 0, -0.9976866, 0, 1, 0, 0.9976866, 0, -0.06798051, 11.059833, 1.9073486e-06, -2.0472908)

[node name="CollisionShape3D" type="CollisionShape3D" parent="IslandDecore/Vallas/Valla5"]
transform = Transform3D(1, 0, 0, 0, 1, 0, 0, 0, 1, 2.0576935, 0.85253906, 0)
shape = SubResource("BoxShape3D_rkp36")

[node name="VallaMadera" parent="IslandDecore/Vallas/Valla5/CollisionShape3D" instance=ExtResource("1_2eqwr")]
transform = Transform3D(0.3, 0, 0, 0, 1, 0, 0, 0, 0.9, -2.0576935, -0.85253906, 0)

[node name="Valla6" type="RigidBody3D" parent="IslandDecore/Vallas"]
transform = Transform3D(0.41443914, 0, -0.9100771, 0, 1, 0, 0.9100771, 0, 0.41443914, 9.3711, 1.9073486e-06, -6.3634624)

[node name="CollisionShape3D" type="CollisionShape3D" parent="IslandDecore/Vallas/Valla6"]
transform = Transform3D(1, 0, 0, 0, 1, 0, 0, 0, 1, 2.0576935, 0.85253906, 0)
shape = SubResource("BoxShape3D_rkp36")

[node name="VallaMadera" parent="IslandDecore/Vallas/Valla6/CollisionShape3D" instance=ExtResource("1_2eqwr")]
transform = Transform3D(0.3, 0, 0, 0, 1, 0, 0, 0, 0.9, -2.0576935, -0.85253906, 0)

[node name="Valla7" type="RigidBody3D" parent="IslandDecore/Vallas"]
transform = Transform3D(0.68562776, 0, -0.7279523, 0, 1, 0, 0.7279523, 0, 0.68562776, 6.5804176, 1.9073486e-06, -9.687359)

[node name="CollisionShape3D" type="CollisionShape3D" parent="IslandDecore/Vallas/Valla7"]
transform = Transform3D(1, 0, 0, 0, 1, 0, 0, 0, 1, 2.0576935, 0.85253906, 0)
shape = SubResource("BoxShape3D_rkp36")

[node name="VallaMadera" parent="IslandDecore/Vallas/Valla7/CollisionShape3D" instance=ExtResource("1_2eqwr")]
transform = Transform3D(0.3, 0, 0, 0, 1, 0, 0, 0, 0.9, -2.0576935, -0.85253906, 0)

[node name="Valla8" type="RigidBody3D" parent="IslandDecore/Vallas"]
transform = Transform3D(0.94924444, 0, -0.31453925, 0, 1, 0, 0.31453925, 0, 0.94924444, 2.2666225, 1.9073486e-06, -11.382151)

[node name="CollisionShape3D" type="CollisionShape3D" parent="IslandDecore/Vallas/Valla8"]
transform = Transform3D(1, 0, 0, 0, 1, 0, 0, 0, 1, 2.0576935, 0.85253906, 0)
shape = SubResource("BoxShape3D_rkp36")

[node name="VallaMadera" parent="IslandDecore/Vallas/Valla8/CollisionShape3D" instance=ExtResource("1_2eqwr")]
transform = Transform3D(0.3, 0, 0, 0, 1, 0, 0, 0, 0.9, -2.0576935, -0.85253906, 0)

[node name="Valla9" type="RigidBody3D" parent="IslandDecore/Vallas"]
transform = Transform3D(-1, 0, -8.742278e-08, 0, 1, 0, 8.742278e-08, 0, -1, 2.0419464, 0, 11.750537)

[node name="CollisionShape3D" type="CollisionShape3D" parent="IslandDecore/Vallas/Valla9"]
transform = Transform3D(1, 0, 0, 0, 1, 0, 0, 0, 1, 2.0576935, 0.85253906, 0)
shape = SubResource("BoxShape3D_rkp36")

[node name="VallaMadera" parent="IslandDecore/Vallas/Valla9/CollisionShape3D" instance=ExtResource("1_2eqwr")]
transform = Transform3D(0.3, 0, 0, 0, 1, 0, 0, 0, 0.9, -2.0576935, -0.85253906, 0)

[node name="Valla10" type="RigidBody3D" parent="IslandDecore/Vallas"]
transform = Transform3D(-0.8797979, 0, -0.47534794, 0, 1, 0, 0.47534794, 0, -0.8797979, 6.2333317, 0, 9.772295)

[node name="CollisionShape3D" type="CollisionShape3D" parent="IslandDecore/Vallas/Valla10"]
transform = Transform3D(1, 0, 0, 0, 1, 0, 0, 0, 1, 2.0576935, 0.85253906, 0)
shape = SubResource("BoxShape3D_rkp36")

[node name="VallaMadera" parent="IslandDecore/Vallas/Valla10/CollisionShape3D" instance=ExtResource("1_2eqwr")]
transform = Transform3D(0.3, 0, 0, 0, 1, 0, 0, 0, 0.9, -2.0576935, -0.85253906, 0)

[node name="Valla11" type="RigidBody3D" parent="IslandDecore/Vallas"]
transform = Transform3D(-0.6796589, 0, -0.7335283, 0, 1, 0, 0.7335283, 0, -0.6796589, 9.359827, 0, 6.762108)

[node name="CollisionShape3D" type="CollisionShape3D" parent="IslandDecore/Vallas/Valla11"]
transform = Transform3D(1, 0, 0, 0, 1, 0, 0, 0, 1, 2.0576935, 0.85253906, 0)
shape = SubResource("BoxShape3D_rkp36")

[node name="VallaMadera" parent="IslandDecore/Vallas/Valla11/CollisionShape3D" instance=ExtResource("1_2eqwr")]
transform = Transform3D(0.3, 0, 0, 0, 1, 0, 0, 0, 0.9, -2.0576935, -0.85253906, 0)

[node name="Valla12" type="RigidBody3D" parent="IslandDecore/Vallas"]
transform = Transform3D(-0.24928139, 0, -0.96843106, 0, 1, 0, 0.96843106, 0, -0.24928139, 10.757444, 0, 2.3430786)

[node name="CollisionShape3D" type="CollisionShape3D" parent="IslandDecore/Vallas/Valla12"]
transform = Transform3D(1, 0, 0, 0, 1, 0, 0, 0, 1, 2.0576935, 0.85253906, 0)
shape = SubResource("BoxShape3D_rkp36")

[node name="VallaMadera" parent="IslandDecore/Vallas/Valla12/CollisionShape3D" instance=ExtResource("1_2eqwr")]
transform = Transform3D(0.3, 0, 0, 0, 1, 0, 0, 0, 0.9, -2.0576935, -0.85253906, 0)

[node name="Valla14" type="RigidBody3D" parent="IslandDecore/Vallas"]
transform = Transform3D(-0.41443923, 0, 0.91007704, 0, 1, 0, -0.91007704, 0, -0.41443923, -9.507513, 1.9073486e-06, 6.5083637)

[node name="CollisionShape3D" type="CollisionShape3D" parent="IslandDecore/Vallas/Valla14"]
transform = Transform3D(1, 0, 0, 0, 1, 0, 0, 0, 1, 2.0576935, 0.85253906, 0)
shape = SubResource("BoxShape3D_rkp36")

[node name="VallaMadera" parent="IslandDecore/Vallas/Valla14/CollisionShape3D" instance=ExtResource("1_2eqwr")]
transform = Transform3D(0.3, 0, 0, 0, 1, 0, 0, 0, 0.9, -2.0576935, -0.85253906, 0)

[node name="Valla15" type="RigidBody3D" parent="IslandDecore/Vallas"]
transform = Transform3D(-0.6856278, 0, 0.72795224, 0, 1, 0, -0.72795224, 0, -0.6856278, -6.71683, 1.9073486e-06, 9.83226)

[node name="CollisionShape3D" type="CollisionShape3D" parent="IslandDecore/Vallas/Valla15"]
transform = Transform3D(1, 0, 0, 0, 1, 0, 0, 0, 1, 2.0576935, 0.85253906, 0)
shape = SubResource("BoxShape3D_rkp36")

[node name="VallaMadera" parent="IslandDecore/Vallas/Valla15/CollisionShape3D" instance=ExtResource("1_2eqwr")]
transform = Transform3D(0.3, 0, 0, 0, 1, 0, 0, 0, 0.9, -2.0576935, -0.85253906, 0)

[node name="Valla16" type="RigidBody3D" parent="IslandDecore/Vallas"]
transform = Transform3D(-0.94924444, 0, 0.3145392, 0, 1, 0, -0.3145392, 0, -0.94924444, -2.4030342, 1.9073486e-06, 11.527051)

[node name="CollisionShape3D" type="CollisionShape3D" parent="IslandDecore/Vallas/Valla16"]
transform = Transform3D(1, 0, 0, 0, 1, 0, 0, 0, 1, 2.0576935, 0.85253906, 0)
shape = SubResource("BoxShape3D_rkp36")

[node name="VallaMadera" parent="IslandDecore/Vallas/Valla16/CollisionShape3D" instance=ExtResource("1_2eqwr")]
transform = Transform3D(0.3, 0, 0, 0, 1, 0, 0, 0, 0.9, -2.0576935, -0.85253906, 0)

[node name="Suelo2" type="RigidBody3D" parent="IslandDecore"]
transform = Transform3D(1, 0, 0, 0, 1, 0, 0, 0, 1, 0, 1, 0)

[node name="CollisionShape3D" type="CollisionShape3D" parent="IslandDecore/Suelo2"]
transform = Transform3D(1, 0, 0, 0, 1, 0, 0, 0, 1, -0.059906006, 1.2098999, -0.008850098)
shape = SubResource("BoxShape3D_5vlg7")

[node name="Botton" type="MeshInstance3D" parent="IslandDecore/Suelo2/CollisionShape3D"]
transform = Transform3D(1, 0, 0, 0, 0.5, 0, 0, 0, 1, 0.059906006, -1.5411634, 0.008850098)
mesh = SubResource("CylinderMesh_5vlg7")

[node name="Stick" type="MeshInstance3D" parent="IslandDecore/Suelo2/CollisionShape3D/Botton"]
transform = Transform3D(1, 0, 0, 0, 1, 0, 0, 0, 1, 0, 3.15, 0)
mesh = SubResource("CylinderMesh_rkp36")
skeleton = NodePath("../..")

[node name="Top" type="MeshInstance3D" parent="IslandDecore/Suelo2/CollisionShape3D"]
transform = Transform3D(1, 0, 0, 0, 0.5, 0, 0, 0, 1, 0.059906006, 0.7901001, 0.008850098)
mesh = SubResource("CylinderMesh_hnskd")

[node name="Players" type="Node3D" parent="."]
transform = Transform3D(1, 0, 0, 0, 1, 0, 0, 0, 1, 0, 2.9687233, -6.48437)

[node name="Node" type="Node" parent="." node_paths=PackedStringArray("PlayersRoot")]
script = ExtResource("3_mhati")
PlayersRoot = NodePath("../Players")

[node name="Area3D" type="Area3D" parent="."]
transform = Transform3D(1, 0, 0, 0, 1, 0, 0, 0, 1, -12.246017, 0, 0)
collision_layer = 0
collision_mask = 0
script = ExtResource("4_rkp36")

[node name="CollisionShape3D" type="CollisionShape3D" parent="Area3D"]
transform = Transform3D(10, 0, 0, 0, 10, 0, 0, 0, 10, 0, 0, 0)
shape = SubResource("BoxShape3D_hnskd")

[node name="MeshInstance3D" type="MeshInstance3D" parent="."]
transform = Transform3D(130, 0, 0, 0, -5.6824806e-06, 1, 0, -130, -4.371139e-08, 0, 0, 0)
mesh = SubResource("QuadMesh_ytoiv")

[node name="WorldEnvironment" type="WorldEnvironment" parent="."]
environment = SubResource("Environment_rkp36")
