[gd_scene load_steps=4 format=3 uid="uid://c2lgyckjkv2pf"]

[ext_resource type="Script" uid="uid://dkas4l2svkd77" path="res://assets/script/ArrowButton.cs" id="1_127mn"]

[sub_resource type="CSharpScript" id="CSharpScript_w0dnd"]
script/source = "using Godot;

public partial class PlayerPodium : Node3D
{
	[Export] public PackedScene DefaultCharacterScene;

	private Node3D _currentCharacter;
	public int PlayerIndex;

	public override void _Ready()
	{
		AddToGroup(\"podiums_\" + PlayerIndex);
	}

	public void ShowCharacter(PackedScene characterScene)
	{
		if (_currentCharacter != null)
			_currentCharacter.QueueFree();

		var scene = characterScene ?? DefaultCharacterScene;
		_currentCharacter = scene.Instantiate<Node3D>();
		GetNode<Node3D>(\"CharacterSpawn\").AddChild(_currentCharacter);
	}
}
"

[sub_resource type="BoxMesh" id="BoxMesh_ee4a8"]

[node name="PlayerSelect3D" type="Node3D"]
script = SubResource("CSharpScript_w0dnd")

[node name="Camera3D" type="Camera3D" parent="."]
transform = Transform3D(1, 0, 0, 0, 0.84309125, 0.5377705, 0, -0.5377705, 0.84309125, 0, 0.7968286, 0.90642524)
visible = false

[node name="DirectionalLight3D" type="DirectionalLight3D" parent="."]
transform = Transform3D(1, 0, 0, 0, 0.7071068, 0.7071068, 0, -0.7071068, 0.7071068, 0, 2.5247447, 2.874784)
visible = false

[node name="Stage" type="Node3D" parent="."]

[node name="CSGBox3D" type="CSGBox3D" parent="Stage"]
transform = Transform3D(3.426157, 0, 0, 0, 0.036464896, -0.70710677, 0, 0.036464896, 0.70710677, 0, -0.12947512, 0.12947512)
size = Vector3(1, 1, 1.3662109)

[node name="CSGBox3D2" type="CSGBox3D" parent="Stage"]
transform = Transform3D(1, 0, 0, 0, 1, 0, 0, 0, 1, -0.0075683594, 0.33787394, -0.57141113)
size = Vector3(3.411621, 0.06567383, 0.47583008)

[node name="Players" type="Node3D" parent="."]
transform = Transform3D(1, 0, 0, 0, 1, 0, 0, 0, 1, 0, 0.4127637, -0.55812126)
visible = false

[node name="PlayerCountPanel" type="Node3D" parent="."]

[node name="Monitor" type="Node3D" parent="PlayerCountPanel"]
transform = Transform3D(1, 0, 0, 0, 0.70710677, 0.70710677, 0, -0.70710677, 0.70710677, 0, -0.026507497, 0.03692299)

[node name="MeshInstance3D" type="MeshInstance3D" parent="PlayerCountPanel/Monitor"]
transform = Transform3D(0.9762133, 0, 0, 0, 0.7127045, 0, 0, 0, 0.08908806, 0, 0, 0.037190795)
mesh = SubResource("BoxMesh_ee4a8")

[node name="Label3D" type="Label3D" parent="PlayerCountPanel/Monitor"]
transform = Transform3D(1, 0, 0, 0, 0.99999994, 0, 0, 0, 0.99999994, 0, -0.0020715892, 0.110129684)
text = "1"
font_size = 67

[node name="ButtonLeft" type="Node3D" parent="PlayerCountPanel"]
transform = Transform3D(1, 0, 0, 0, 0.7071067, -0.7071067, 0, 0.7071067, 0.7071067, -0.99481106, 0, 0.010591596)
script = ExtResource("1_127mn")

[node name="StaticBody3D" type="StaticBody3D" parent="PlayerCountPanel/ButtonLeft"]

[node name="CSGCylinder3D" type="CSGCylinder3D" parent="PlayerCountPanel/ButtonLeft/StaticBody3D"]
radius = 0.2
height = 0.1
sides = 32

[node name="CSGCylinder3D2" type="CSGCylinder3D" parent="PlayerCountPanel/ButtonLeft/StaticBody3D"]
transform = Transform3D(1, 0, 0, 0, 1, 0, 0, 0, 1, 0, 0.08511159, 0)
radius = 0.15
height = 0.2
sides = 32

[node name="Label3D" type="Label3D" parent="PlayerCountPanel/ButtonLeft/StaticBody3D"]
transform = Transform3D(1, 0, 0, 0, -5.9604645e-08, -0.99999994, 0, 0.99999994, -5.9604645e-08, 0, 0.18692023, 0)
text = "<"

[node name="ButtonRight" type="Node3D" parent="PlayerCountPanel"]
transform = Transform3D(1, 0, 0, 0, 0.7071067, -0.7071067, 0, 0.7071067, 0.7071067, 0.9765817, 0, 0.022463799)
script = ExtResource("1_127mn")

[node name="StaticBody3D" type="StaticBody3D" parent="PlayerCountPanel/ButtonRight"]

[node name="CSGCylinder3D" type="CSGCylinder3D" parent="PlayerCountPanel/ButtonRight/StaticBody3D"]
radius = 0.2
height = 0.1
sides = 32

[node name="CSGCylinder3D2" type="CSGCylinder3D" parent="PlayerCountPanel/ButtonRight/StaticBody3D"]
transform = Transform3D(1, 0, 0, 0, 1, 0, 0, 0, 1, 0, 0.08555825, 0)
radius = 0.15
height = 0.2
sides = 32

[node name="Label3D" type="Label3D" parent="PlayerCountPanel/ButtonRight/StaticBody3D"]
transform = Transform3D(1, 0, 0, 0, -5.9604645e-08, -0.99999994, 0, 0.99999994, -5.9604645e-08, 0, 0.18755043, 3.7252903e-09)
text = ">"

[node name="CharacterSelectionPanel" type="Node3D" parent="."]
